9.116008758449469784e-01
3.880957948132859325e-01
9.132742482569481401e-01
8.370237943895038057e-01
6.677812814050170243e-01
6.975122295689478724e-01
9.657088878224201478e-01
3.228002152243157896e-01
1.742670084391680918e-01
5.148596107545702072e-01
8.291631246819086698e-01
1.934991639974538158e-01
5.766206117721051072e-04
9.465551032937103981e-01
5.649413160756534547e-01
8.646368077214685588e-01
4.605755784383007700e-01
6.221453815132242937e-01
8.902713380324372983e-01
7.902940862674808775e-01
9.317981349343431585e-01
5.326486465262507686e-01
8.793580864051554480e-01
3.227481042956080737e-01
5.174252008441180273e-01
1.959718635476842552e-01
8.103843436361840569e-01
7.535677874049599989e-01
7.397492156542447850e-01
8.044324795255860527e-01
2.362264173856630789e-01
1.095553535008486623e-01
5.834135070380012111e-01
8.277639080331854471e-01
2.242831546066058612e-01
2.202547218315323851e-01
4.763184121909597168e-01
9.388493776914786926e-01
8.045979719645314221e-01
3.748488527411513171e-01
9.867004787992302850e-01
3.731655740656589781e-01
5.734565458643026137e-02
6.481767327752202545e-01
1.240011228399346965e-01
1.250865310885576065e-01
1.612353696562085492e-02
3.410472589452745451e-01
2.448676494870343223e-01
2.157366896724972616e-01
2.351784995183431315e-01
3.151632035533769027e-01
9.473057323209951308e-01
2.484298743316208924e-01
8.110448041811932907e-01
2.387788860567081617e-01
9.601847442927187171e-01
4.319839289599780585e-01
4.308761950550246134e-01
1.944051053610025281e-01
2.586024899903095475e-01
7.352374123931870731e-02
7.028061431294890804e-01
5.860140104448474663e-02
2.915578689055361439e-01
6.728798902141900351e-01
4.358004587347352743e-01
6.258595358190058855e-01
6.005805807144544151e-01
4.378136404730891273e-01
8.961805177588556548e-01
3.090950425135368107e-01
5.126640357243644752e-01
7.532706718229542631e-01
9.651814651494817765e-01
9.901640940001842361e-01
5.462815401304030871e-01
9.244828966293546779e-01
4.322439643877888926e-01
9.882784804468149886e-01
4.847535333009899139e-01
4.929654537236812795e-01
4.269430440774133473e-01
4.456836812506792533e-02
8.006566478331756942e-01
6.862294372625336036e-01
2.466645343959664727e-01
7.191444324856668402e-01
9.944435249975207558e-01
2.866990065590788728e-01
5.945580481105202653e-01
1.707954338241159942e-01
3.002580308996826153e-01
5.325400391420712642e-01
6.696387630423722426e-01
6.160795940589562925e-01
2.136582356474912014e-01
5.087346527612890412e-02
6.483579303928621584e-01
4.169898237511691086e-01
7.148657737842185611e-01
9.302031147012805867e-01
9.970147574952655800e-01
2.324554737021976569e-01
3.264218060810157862e-01
5.562707527224053372e-01
8.791429892679042402e-01
3.465801698209034498e-01
7.675745342132561655e-01
1.512905995552604743e-01
2.755078784688342886e-01
2.117213072007222419e-01
7.739351002585631578e-01
2.764404937238342796e-01
5.728432927761034632e-01
2.006200257223288430e-01
3.286089262168861991e-01
4.609418380668542925e-01
6.531766729854674436e-01
6.381573052170996796e-01
1.200124792441094046e-01
3.816490947169696168e-01
6.618339352955343591e-01
6.050662368718454642e-01
5.589900398100358103e-01
7.506763461817154148e-01
4.562221634548968563e-01
6.192681891343454481e-01
2.957266347443128218e-01
4.250137284558147543e-01
8.516111415116511818e-02
8.613612862221814437e-01
6.579449020790271163e-01
6.512419708408923036e-02
1.621656901600352363e-01
1.015239506374222556e-01
1.314552700214387526e-01
8.398049180890427845e-01
5.532862469895026836e-01
1.193455848257349849e-01
8.618063125756479925e-01
8.079075085847803317e-01
9.573404773692939518e-01
1.452934749414332982e-01
7.564155611510458010e-01
5.349455116414054689e-01
5.740969578545181973e-01
1.842468269320737262e-01
8.633106609837126744e-02
2.957205194818086635e-01
1.605625653084965521e-01
5.376632613625850210e-01
3.806196383214077716e-02
9.686300202012040339e-01
4.238662058612373551e-01
9.826709285527605031e-01
5.522466746606959909e-01
3.666046226548728137e-01
2.091974298314668301e-01
8.718503657337776103e-01
3.859393144569915890e-01
8.633148140772702872e-01
6.810177555333771782e-01
8.130017843998962324e-01
4.642233969850546593e-01
3.090386001068136101e-01
5.018574066898359165e-01
6.881126229543083062e-01
4.747368769026801827e-01
9.843512685495084957e-01
5.595148981071920158e-01
3.518576240974304881e-01
2.744719773760434522e-01
6.552750653090783084e-01
3.412829284959714160e-01
5.120923480080807888e-01
3.124640062884348479e-01
8.714469994139857345e-01
4.967090465321777337e-01
7.204427715016425982e-02
3.800283501370371742e-01
5.812640292406504594e-01
3.265893784260828214e-01
9.480108546987846552e-01
1.599044273085942214e-01
4.443118594093982132e-01
8.187497999072231858e-01
8.285963638358495587e-02
3.425280028199872984e-02
7.495852586113715965e-02
6.786976883249186132e-01
2.283152620711815795e-01
2.733259623829746854e-01
2.424381174268317451e-01
6.740239249071137140e-01
2.860912680538176822e-01
8.017925457639168974e-01
5.001491592403382036e-01
1.242458088732788513e-01
3.467029001587369486e-01
