8.867135883165351284e-01
3.915184752039341243e-01
6.066022737223843997e-01
8.896199725972198102e-01
7.812173790867107392e-01
5.557872718105738574e-02
7.288434496513337413e-01
9.849863938327536594e-01
9.409731485659283967e-01
7.738082436170801159e-01
8.102165741645246388e-01
5.491782473579385204e-01
8.821008723215059133e-01
5.839204533846275025e-01
9.471891368138359857e-01
4.467256943625415033e-01
2.665421768383461343e-01
5.606755297865474441e-01
6.915513773419318388e-01
9.418985211479934394e-01
6.672800430059206978e-01
6.342908187869028547e-01
3.953347724319806744e-01
2.751383709784107623e-01
8.574233413267901005e-01
5.211390112604464830e-01
7.963978353397400678e-01
9.185463597525295176e-01
9.986803742900586256e-01
7.578108484751183704e-01
7.795538696127382039e-01
5.913120457121625595e-01
9.214152432441873319e-01
7.194237080337908541e-01
7.489891111769384491e-01
5.325211835477197120e-01
8.868889172913440033e-01
7.479971903494813112e-01
9.444629340816623753e-01
7.172691557464843104e-01
8.849804358685401384e-01
9.707670246112731771e-01
1.664922160972761578e-01
9.837021299071986302e-01
7.608188972194822597e-01
7.122272515087441080e-01
9.846118835724485541e-01
7.184289062882246446e-01
7.473937974370052917e-01
7.178119687410196015e-01
5.085935535231462801e-01
9.896540080250927351e-01
4.000752088766666992e-01
4.960680315626061487e-01
9.733964944007008624e-01
4.706214704109800140e-01
9.978301867258368985e-01
4.377126319160562495e-01
4.111202982875702405e-01
9.216909037184003450e-01
9.845109135966012559e-01
4.651823874886956700e-01
9.286364073213759784e-01
7.815024850477277907e-01
9.456692282937217975e-02
4.492388669037233884e-01
3.302233934548151062e-01
8.797009722870109405e-01
6.926398991381752523e-01
4.969841852730291221e-01
3.315150749584107048e-01
4.579482560714088768e-01
6.696234125962684525e-01
7.686780698333985917e-01
9.104901152309600176e-01
1.797807789555611047e-01
8.350829369265392321e-01
9.959254622222113440e-01
2.021905717867048535e-01
8.775399901666589564e-01
3.967443255816209824e-01
9.483529006335726930e-01
9.702449951689439134e-01
5.115787729439255083e-01
9.243916369406960376e-01
8.352496799606770050e-01
8.272549414139684920e-01
6.180599836198932273e-01
7.875060419855552940e-01
8.628455354480530914e-01
7.906568945545223714e-01
7.920423796308477815e-01
8.210732092206746158e-01
7.799879746846144490e-01
5.312699893265792062e-01
9.166188786806890310e-01
7.877294511330502624e-01
3.990476463394804219e-01
8.115996942057982499e-01
8.171718252147418537e-01
6.349452901231020796e-01
6.644285243128049689e-01
6.889002234171657246e-01
6.686100516776386504e-01
5.215855366321562325e-01
4.140372312131010979e-01
9.489444399319068024e-01
5.626267608915749285e-01
4.490555542356354790e-01
8.502645298136674024e-01
7.932605159342530632e-01
5.727116410001784619e-01
5.205419029644040574e-01
1.545434150175162280e-01
7.326718532050991994e-01
5.925901252811606179e-01
3.522281797568634909e-01
7.740822060515081260e-01
4.908904185902456252e-01
6.184631019066072488e-01
9.402384156054456321e-01
6.608129894056170572e-01
8.989046362258737988e-01
7.695326985044379509e-01
2.820332844302909647e-01
2.285421245160070836e-01
1.403863450429810866e-01
9.610029947287135332e-02
8.316637325439264483e-01
1.595502244755020449e-01
2.534602177331176653e-01
7.823675970257755186e-01
6.304659541941821654e-01
8.177587351266885074e-01
8.663878562200779676e-01
8.978709793913037807e-01
7.024425080654864706e-01
4.720517499466058142e-01
2.805006236976430589e-01
9.564541297393073238e-01
9.726172196417044447e-01
8.254859491502499758e-01
9.934209912537701470e-01
9.888559853382897780e-01
8.875410769596069338e-01
6.783899633284472541e-01
9.593847840374090108e-01
6.285958605978707592e-01
6.857970026586035495e-01
5.687890804756779994e-01
6.419176492423900315e-01
6.950169245670816398e-01
7.921858659332636776e-01
6.187999624456456127e-01
9.915125652929273059e-01
4.459199404367621966e-01
5.349500758772710585e-01
9.853821649751871581e-01
9.240422095476887865e-01
8.108265488269975618e-01
4.706044981757562251e-02
9.443078688205548410e-01
6.408534051244438867e-01
7.016925108158316160e-01
7.431101436557202566e-01
7.395048842676820167e-01
7.136188971660771818e-01
9.076797884481081491e-01
9.149632230327322535e-01
8.111918216978282192e-01
3.245001528251811873e-01
5.476596262192511277e-01
4.479411476078032361e-01
6.562951868251525323e-01
5.278086366376624206e-01
9.219888446908222068e-01
6.190631781741606776e-01
5.948009630114519108e-01
9.980148924669525190e-01
7.416980856437882519e-01
8.302424147665841137e-01
8.633764881301894123e-01
3.626698519387935304e-01
5.131752603388076706e-01
5.692975206475570094e-01
7.453124223696095951e-01
6.622333444180901196e-01
9.171057194135475710e-01
6.281661654063521727e-01
5.184137215210240512e-01
9.304955938648410418e-01
7.978690934495512588e-01
8.039357395374254756e-01
9.180472129708553419e-01
7.755428117356120143e-01
9.820498811629290170e-01
4.696799723327181875e-01
6.439291581477023518e-01
6.329601003244020863e-01
7.132077791689365176e-01
