1.141074813963077611e-01
3.837718074495399811e-01
2.933119269843668109e-01
6.677889863832915385e-01
5.749124919914719856e-01
9.133547844025609042e-01
6.669554843220594220e-01
7.321007595326846085e-01
1.336591656125240002e-01
8.405930166813599946e-01
4.054227778563498918e-01
5.261790444330907146e-01
6.960239967343693213e-01
5.873663419886926418e-02
1.857325569146206223e-01
1.560880617925511013e-02
6.309075541572686241e-01
4.751097767437685859e-01
6.146303004058564223e-01
7.993288579510741121e-01
3.127914399397013767e-01
9.315693421742026192e-01
3.176957600347498079e-01
8.450567856627469454e-02
6.404605936351270845e-02
6.301794484489314785e-01
3.972881524191099745e-01
3.130002794715665004e-01
5.226700177459677743e-01
4.455569878737211109e-01
8.384676949788318900e-01
5.340437146427692294e-01
4.223262881815286196e-01
1.985712174027695065e-01
5.602198653365487724e-01
2.104021770945329883e-01
2.259117048894940805e-01
6.397281547623169251e-01
6.047861866208490422e-01
7.576861126055820517e-01
2.808162920177326716e-01
8.696220680598748531e-02
5.044035051722328689e-01
5.968225136564557776e-01
7.385223028378078425e-01
5.631800520582281866e-01
3.472831719170432208e-01
2.762160618957704150e-01
7.111237294650720742e-01
2.316498051257961377e-01
3.609900124121662168e-01
2.037215643649807895e-01
6.276170057240193501e-01
6.693722979064442580e-01
6.402380961303629769e-01
3.043883005158183885e-01
4.048641888608964789e-01
2.824830663384479412e-01
3.301403419840254205e-01
7.787948881913405730e-01
2.412932915897198494e-01
6.733074795891862419e-01
4.652961270043907693e-01
6.422023739989147773e-01
7.157066339312952996e-01
6.763152028517823711e-01
7.543430976308048708e-01
6.869278022121519944e-01
5.976521412533496447e-01
3.729556552021504601e-01
4.249253850010442646e-01
6.824402958223270144e-01
5.858490896041033125e-01
4.842624538068665552e-01
2.341853053573299537e-01
2.480940446931200194e-01
4.594124412763254117e-01
7.170730146295565266e-01
8.943229446637588342e-01
5.863559063928142079e-01
7.827983409883075838e-01
1.189584012420778769e-02
7.144697476214869614e-01
2.860403963856394394e-01
7.181771688638997064e-01
3.588311914438953032e-01
3.534389093544891280e-01
2.697533585296871816e-01
6.650818246170434600e-01
3.273808375771949386e-01
6.203103101814617659e-01
4.134508184406812115e-01
8.349870788804527599e-01
7.447067418666920569e-01
2.492420020386769408e-01
8.111152238556815774e-01
4.386379275822060442e-01
1.221382410432090282e-01
5.307429738002564790e-01
8.105087585632594349e-01
