5.144919651287409301e-02
2.238947894150399576e-01
7.239796471988593218e-01
7.701704819944532598e-01
6.407488733176758267e-01
1.978586849309396101e-01
4.034294707695617599e-01
2.330979417381193186e-01
4.473940310401517406e-01
2.042258353168045493e-01
3.848129115512063381e-01
5.681644833700925101e-01
2.951634512537291699e-01
1.713897059843176862e-01
8.036139236094058669e-01
7.422592668129543991e-01
8.867301592199638982e-01
3.934025980808700806e-01
5.994696803167868238e-01
6.961320056866661110e-01
5.010301455942351989e-01
6.785511852965284696e-01
6.898449063513425461e-01
5.415580155988924949e-01
5.876972294339852798e-01
2.440150144721484893e-01
7.644724244565778148e-01
3.397549675796860402e-01
8.520825638500117982e-01
6.172324225287803001e-01
4.939068663164914996e-01
4.817028969052147835e-02
5.829730386284839305e-01
7.389510951938371708e-01
6.196207420026667023e-01
6.458511747700469430e-01
5.234175553819876425e-01
6.520212950398245333e-01
4.161349108941093111e-01
5.556012249525548174e-01
6.144218475020699621e-01
4.777790653879771532e-01
5.626844866803010908e-02
3.514377919626603397e-01
5.605471419560992263e-01
2.644790437744927170e-01
6.411691512046249208e-01
5.858055973556590690e-01
3.595207372140073465e-01
2.826379102962723877e-01
7.209298587382514389e-01
6.122714727489745323e-01
7.366829662202210027e-01
6.342860021286569894e-02
6.817124378054254530e-01
4.751377449144653098e-01
6.940731083869782214e-01
7.717572333440148036e-01
1.882283785685017197e-01
7.215248114746920516e-01
4.032392274061540882e-01
9.220879114145510425e-01
9.770961111296535551e-01
2.916882423205224284e-01
5.165255971389555167e-01
8.914572568224706783e-01
9.059832116448495176e-01
3.989999696767267401e-01
1.383468837618716529e-01
6.169242833054997543e-01
5.149521405929773366e-01
7.338332887005570848e-01
3.703057599017572921e-01
2.500387549614682126e-01
7.866306975552169733e-01
3.808645143268949984e-01
6.756465833531570819e-01
6.408672285109415778e-01
4.063611819813065518e-01
3.269020511493104797e-01
1.861363586014290819e-02
1.923506197357236491e-01
6.045390617487782503e-01
5.196671806333011956e-01
1.708639208699919421e-01
3.314144685703904747e-01
4.542771582844269407e-01
7.529074138303519792e-01
8.183653280028567734e-01
3.982587600030356167e-01
7.515766238868402116e-01
5.131930844198132613e-01
4.296332977249162077e-01
4.705167730680815952e-01
4.156252258503249086e-01
5.617295894120666322e-01
3.553777715918364777e-01
3.021147804805544013e-01
1.677968000360988976e-01
6.804440287778850127e-01
7.384747022060815791e-01
5.180229154289726079e-01
1.246832443991122280e-01
8.343408324673097232e-01
6.132314905140925365e-01
1.069889776011889726e-01
6.022312948131767207e-01
1.386872331128944369e-01
4.104347521337960436e-01
5.295450632385676482e-01
7.187051631396650375e-01
3.818725334618878753e-01
2.646419792881957722e-01
4.942814026696850105e-01
9.105456749272666794e-01
2.398095143461296264e-01
4.235972046709585159e-01
2.971495588850387448e-01
9.761850176515589339e-02
8.333667801657924645e-01
3.724941146735694653e-01
6.497240063689444511e-01
7.608231805072023235e-01
4.275869074069711395e-01
7.594754973284892907e-01
4.182691635720117707e-01
5.587775826362606502e-01
5.645961364997869047e-01
4.800692230695338680e-01
4.486348046575650561e-01
8.115446999381474846e-01
2.862192964782543925e-01
5.313660117149702211e-01
2.990276208942326264e-01
5.245031806078266357e-01
5.082702172437165711e-01
4.066943733730018495e-01
8.358614137488187268e-01
6.260841361825130180e-01
4.299728575549585097e-01
7.256630338912737344e-01
8.772431807538613180e-01
7.346982955505279023e-01
4.368785260223779776e-01
6.700521262588696736e-01
3.049837758378818320e-01
4.205877088102979444e-01
6.226888717969463194e-01
8.430045112091405501e-01
4.108143625006192012e-01
9.307461565308233764e-01
5.509155534865470827e-01
7.896704693862274249e-01
3.737719803455511469e-01
3.901520655775895796e-01
5.707472551586251219e-01
6.572983297820429449e-01
5.555265393831578802e-01
6.118734067297444401e-01
9.459862328971831991e-01
7.610535100706538048e-01
2.559660581667931867e-01
4.520933368543011976e-01
3.811452763044349545e-01
2.646074739930415753e-01
2.716294329570164701e-01
6.102201747386094555e-01
4.792450716705501934e-01
7.705919673934700231e-01
3.484584988094160396e-01
2.446741120533507119e-01
5.142960919341057480e-01
7.237348581143046022e-01
4.873943900811494312e-01
4.025909644998890702e-01
4.057019053469219649e-01
3.727971719154593577e-01
4.899524253541158725e-01
1.176362873029049572e-01
3.571423270506547398e-01
4.222744920442331740e-01
6.286409166826392170e-01
4.222294406858564386e-01
7.330216800697948454e-01
6.705528918869950727e-01
4.674751824268100764e-01
4.243466464094199919e-01
4.598630890230885893e-01
9.180312382889624923e-01
4.199533780549307704e-01
6.711862093854298328e-01
9.040747973987104391e-01
5.624282539597693642e-01
4.094518939490454090e-01
4.668914048564261621e-01
9.497215898893234254e-01
9.677801337170366391e-02
2.535876957243153873e-01
4.740583415729700545e-01
5.426020419753871948e-01
2.257298931321934099e-01
5.569637514150457269e-01
7.659398989604400132e-01
4.464629447101241544e-01
2.042099487085631548e-01
1.875456745207351728e-01
5.526040258371114344e-01
8.438451710630684444e-01
6.454058409542980934e-01
5.619484903158152855e-01
4.412874351308245235e-01
6.853970512626569311e-01
2.159507653033043983e-01
3.209554565234367107e-01
2.331219267545808216e-01
1.347306141367799470e-01
7.138905675458702138e-01
9.549032216731677680e-01
8.007474211534441055e-01
9.607927634328372601e-01
4.154019331857110586e-01
6.992838355782304838e-01
1.428008665275142322e-02
7.055148593939778445e-01
2.682070671386497240e-01
2.383412826502697979e-01
3.562053768298952816e-01
4.724201894242168187e-01
5.015975205309175511e-01
6.178711014702975568e-01
6.092669480806727211e-01
1.620849435555577478e-01
8.256646928848976330e-01
4.079860249802491623e-01
6.421928545337888261e-01
7.040209063930068512e-01
5.640619466890804956e-01
6.466328055968237898e-01
6.515265581013719443e-01
5.020979865596910674e-01
2.719906636964484203e-01
7.653031233952799495e-01
1.952780300918777190e-01
6.321289567683864297e-01
2.809026036388076464e-01
5.279240231903172820e-01
7.270197903916527649e-01
1.580886480348476508e-01
5.974528246727049963e-01
6.551842809649875976e-01
2.211799904064521982e-01
5.153339804700435289e-01
6.753292156242993727e-01
5.269970812137112492e-01
4.091557488356977745e-01
3.668122253625205609e-01
8.515515803568416420e-01
6.462832814639106749e-01
6.996292294206015727e-01
6.679101977687393887e-01
6.592306558667802852e-02
7.570517481810778992e-01
8.056466474123877841e-01
7.469722664923618138e-01
1.596696131941355290e-01
8.249111370800796816e-01
1.229475987980509777e-01
7.183581062536602557e-01
1.411439862521028099e-01
6.505872146397432276e-01
8.096609985538600895e-01
7.424244493541880541e-01
4.498618425846854230e-01
9.063288446331378978e-01
4.718856933624361871e-01
8.918116451981130677e-01
3.919301744163583567e-02
5.917231328876710883e-01
3.253920755066908033e-01
5.008788116747708852e-01
3.779248472634518241e-01
4.619929235839580484e-01
7.128282391382153582e-01
8.165772170918019768e-01
5.156204903323018396e-01
4.545724434595898034e-01
7.966657669840386813e-01
7.123007875038757097e-01
5.026922305584241579e-01
8.447963682512938943e-01
7.565499772261909950e-01
2.043759993128549390e-01
3.062525224649562672e-01
8.919383908700780905e-01
4.245819034473229392e-01
3.507708022740249065e-01
3.265319361302483347e-01
4.377821679853189929e-01
8.642474546630757315e-02
6.620379481937362920e-01
7.754300228294596087e-01
6.511185727649942967e-01
3.525421898599969683e-01
6.334188516385754752e-01
3.217376820638472301e-01
8.793215393024914617e-01
4.936890682664591967e-01
7.254178223380236545e-01
6.132635537781382373e-01
3.918310972664445502e-01
1.867200327388775782e-01
3.209534286106397460e-01
7.307059358620461298e-01
4.969508678954782654e-01
4.806529600869481333e-01
7.340716443702212102e-01
1.216437386886991094e-02
5.555621408201929512e-01
5.279445979019570245e-01
2.789297794677941256e-01
4.580874799235339911e-01
1.955169181620231567e-01
3.770534062616762716e-01
6.441653344425957162e-01
8.943849530168548334e-01
9.426822388093399896e-01
8.125278231893734437e-01
3.989900290351742762e-01
7.479581125236085537e-01
8.735303398797361618e-02
3.765199891184450864e-01
2.710507314587056737e-01
4.469686271708470660e-01
3.851977059993900721e-01
5.817733695422112605e-01
5.808992826439591806e-01
9.299096518136581446e-01
4.028892042628007264e-01
3.438433338725413457e-01
2.899522036233610489e-01
3.191658490450273722e-01
5.116497574121730008e-01
3.750557177601914205e-01
2.779970783074383611e-01
6.541967253068407817e-02
3.726741283790391268e-01
1.957274410626565764e-01
2.605604586606113937e-01
8.745857935331294852e-01
1.250147739813836090e-01
3.592954260342378636e-01
5.568341956290074890e-01
7.192648515712356527e-01
5.837949129612927113e-01
8.519782154709790722e-01
4.493101575624068866e-01
4.950721733747652786e-01
3.736948503058622473e-01
5.021791416856966617e-01
6.913104382531106706e-01
6.702649103763356209e-01
4.700346413023608338e-01
3.232322648481120164e-01
5.819343146758529928e-01
2.191102087516478558e-01
2.162950030475158936e-01
4.657087658816260189e-01
5.587735792178024630e-01
5.464227299687517136e-02
4.098143810025322020e-01
2.858683324460088437e-01
3.653618919959710221e-01
2.529195924533448325e-01
4.945311674834617088e-01
7.735152153093884930e-01
3.422506128366946676e-01
6.127828559675605469e-01
2.802864155694567705e-01
5.901148815230496947e-01
7.830158555115015462e-01
4.143512718621485402e-01
8.298085837466158132e-01
2.072859924585633007e-01
4.987195379161234454e-01
1.288668018545207072e-01
3.781730407672956318e-01
4.447136053629824892e-01
6.003135300077397929e-01
3.332915955472925407e-01
3.297029579295112645e-01
6.567511098968165095e-01
7.187733388036627868e-01
8.301520357137681660e-01
2.996698297823071067e-01
2.709826958120334917e-01
4.794102624942555568e-01
6.095620676910296076e-02
6.505800417355813714e-01
4.508143767445126904e-01
3.919129570067649837e-01
3.447419245822052614e-01
6.741111708476752451e-01
7.848481164901237594e-01
1.664612611718456758e-01
6.533452337943796984e-01
9.884347031593951338e-02
1.150568676033980747e-01
3.054362664369046909e-01
3.887582004135547997e-01
3.625936519976587502e-01
2.506716426738849202e-01
8.230952541821657809e-01
8.118800859174064577e-01
4.265287634405519612e-01
1.332548990574142223e-01
8.510098201742686275e-01
2.522119861309349842e-01
4.727744709125106803e-01
1.506827970719689380e-01
3.450535398926615205e-01
7.805094814201919418e-01
4.254833896575821450e-02
2.825270499968312032e-01
1.732178674681296715e-01
5.490442637055865660e-01
4.424618192817892370e-01
9.460107509046740415e-02
5.745225773725120000e-01
3.160442015589622899e-01
7.961628040050147126e-01
4.101007846051435424e-01
8.351533005730996662e-01
1.318612791367561876e-01
5.717179102636793520e-01
4.209125531099850992e-01
6.586893196381472526e-01
5.348255152718337513e-01
2.742902544674597487e-01
4.667749866224228938e-01
1.537031119968314541e-01
3.889443328595633687e-01
2.290311012926740317e-02
5.798063480096116162e-01
7.841304133015065680e-01
6.487187907394583730e-01
5.235711232563144968e-01
6.287778513729850305e-01
3.221854644494119291e-01
7.530922558263772881e-01
7.668437375337145978e-01
6.004003991134256868e-01
1.754778582894913064e-01
5.474680068528073873e-01
8.316383836909763128e-01
2.072604321179990494e-01
4.297239722827708164e-01
3.909203778524352746e-01
1.334835391779345959e-01
4.543781875638976953e-01
1.661724036860075526e-01
7.409192902212613507e-01
3.235007560177733388e-01
3.794393670302023125e-01
1.751870795596205954e-01
9.287891341984957916e-02
3.699735887420138036e-01
5.711288976926781613e-01
9.480072883249531790e-01
2.994660449567551619e-01
6.877802344133756574e-01
4.160134474636539292e-01
7.296744169565105853e-01
7.981779883431528999e-01
7.017685913847312440e-01
4.865081715474985913e-01
6.274319599778662715e-01
4.219707501478909828e-01
6.653514029965166277e-01
2.219687282242924220e-01
5.417732022701972072e-01
4.953356898166062505e-01
6.152416515452966417e-01
5.021257509505446803e-01
5.889683202937883166e-01
5.210087904252916902e-01
3.121787536318144096e-01
2.581847135456163400e-01
7.735395837282192932e-01
7.435493521421692176e-01
1.505643513358415064e-01
1.573889339506117091e-01
2.239913716527794363e-01
8.976266792180417342e-01
6.331230244068394297e-01
4.223841960249148375e-01
3.743051354482626047e-01
3.373793800755449102e-01
7.340241855948373972e-01
1.639567417105940728e-01
5.821091847963680843e-01
