6.602324699202821723e-02
8.613664352266907631e-01
7.438304454031265944e-01
9.493495780313462307e-01
7.424953276317515227e-01
4.046502166109766652e-01
7.682675113089078023e-01
4.182090441792634117e-01
5.551452174387293548e-01
2.083408517455730413e-01
6.030606956602408975e-01
6.261727755192058043e-01
3.105619975102344998e-01
3.330270968116102459e-01
8.191705400396647185e-01
8.626348359907283214e-01
9.428213156069316092e-01
4.734487376948853798e-01
8.549841632421635307e-01
6.980928238401400421e-01
5.736190618384130468e-01
8.736479444449923859e-01
8.844936515935419852e-01
9.631051418075737836e-01
7.863849726649722038e-01
6.425819777177266268e-01
8.775799115337865608e-01
9.813291542832308645e-01
9.990417920858675194e-01
6.541947846788020993e-01
9.188240827535539834e-01
5.263677724314678175e-01
7.809805396756247520e-01
7.546909527245294624e-01
6.310427379250872493e-01
6.641217107973251821e-01
8.098816650786501148e-01
8.213278002356849683e-01
4.695754883893058507e-01
5.690901332789940481e-01
6.848735298182245801e-01
5.342368232373290171e-01
2.123442183236907699e-01
6.257545873850994811e-01
8.481879057956002166e-01
3.594547015277259616e-01
7.173973795122117192e-01
7.675071108138911136e-01
7.063279432875818609e-01
3.096680574720994672e-01
7.244884567994831492e-01
7.820322022444388121e-01
7.550874896170177708e-01
2.964032341147768701e-01
6.998631953486117441e-01
4.798189092077558282e-01
9.517717185626625165e-01
9.794459454250635799e-01
9.672554857821979990e-01
7.316538688565791260e-01
8.007885263394525222e-01
9.525650885869655360e-01
9.878032933761524692e-01
6.343786128963732063e-01
8.757804646169861096e-01
8.928788618142255995e-01
9.588154183974003653e-01
4.530135239483445986e-01
2.536727207235612847e-01
7.353799120756766561e-01
7.697652075958857365e-01
8.934981972575212206e-01
7.640766112139742994e-01
2.979716238882212931e-01
9.777199638207777488e-01
4.272154665324555678e-01
6.957463102066094862e-01
9.558902127659850700e-01
8.987914733893301866e-01
8.101809976286959980e-01
1.951155257326331327e-02
9.935721777383733633e-01
6.879381133367525880e-01
9.245800743396108690e-01
3.694131468872159374e-01
4.816576138111902106e-01
6.610035912949524528e-01
9.540997735470366781e-01
8.991391403396759019e-01
4.586053735275497090e-01
7.915121606733928061e-01
8.720007162226460773e-01
5.111376073444637846e-01
6.167407571884935269e-01
5.615516552123372973e-01
5.681932081970108017e-01
5.241048395033989227e-01
3.542937500969481901e-01
4.455290900062773840e-01
9.841958053184860500e-01
8.201620253943820993e-01
5.762650799459267947e-01
1.713082395617295806e-01
8.487357597863811609e-01
9.412955895794355987e-01
3.668389100590007113e-01
9.562096813334443057e-01
1.636336432234889449e-01
5.172920614525494676e-01
5.593759339823703991e-01
9.848963539041191151e-01
5.627207355048884363e-01
4.415367077967148335e-01
8.059210171166059089e-01
9.793288659111122341e-01
3.734513753134991454e-01
4.862854021891611644e-01
9.767076979019014837e-01
1.373028173829548004e-01
8.533192993114535607e-01
6.225001914692301908e-01
8.123612624987769371e-01
8.733145977741072485e-01
4.299842036289586167e-01
7.851863733003654477e-01
9.930558345891876693e-01
5.807987828158240884e-01
8.825612989827386068e-01
5.216673323896401371e-01
5.950992370014696053e-01
8.121048377288306863e-01
6.988461589852181799e-01
6.813764145053712307e-01
3.953699724176408248e-01
5.965908715349194091e-01
6.168343220695495788e-01
4.153470409502221239e-01
9.197589719621601656e-01
7.122291216510584499e-01
9.078407246290481902e-01
9.476396801883507637e-01
9.150451643046394468e-01
8.969579981658429846e-01
5.800523023447250459e-01
9.914696867771145561e-01
3.554482092014218386e-01
5.739111272891176396e-01
7.453662365797865119e-01
9.535520745110657170e-01
4.720322760981854326e-01
9.640717753495958720e-01
7.084499602304347166e-01
8.026266897488602003e-01
4.838970892901733878e-01
4.560782494594418646e-01
5.856709797677811524e-01
8.214449614436185598e-01
6.911190247340355253e-01
8.542859360616751330e-01
9.928477953272071277e-01
7.699794127724653992e-01
9.336114817241276675e-01
8.237564882551362544e-01
6.155704899056541057e-01
6.373460980819912747e-01
4.974579166526456042e-01
6.488318338829185405e-01
9.008465371940482802e-01
7.926875011542593441e-01
5.241960436531080125e-01
4.431612898309775783e-01
5.665239167392842612e-01
7.422167414700759913e-01
6.734780600239127502e-01
9.001757550042061018e-01
8.562436857103644661e-01
6.235427668463807693e-01
5.982178332117408237e-01
1.424779288225259677e-01
7.334010325861139989e-01
6.753629871913623406e-01
8.607351655206970653e-01
8.898768552139544319e-01
9.416908105786518934e-01
8.578456648976439114e-01
5.842830793492189700e-01
5.794907759480153464e-01
8.833218777450948522e-01
9.638958275646718477e-01
5.467724098317547909e-01
7.364466493695651650e-01
9.360594035196881935e-01
9.786621723443001963e-01
4.255617118037933189e-01
4.984235586759204750e-01
9.503954451438306750e-01
9.116297160340630645e-01
4.233948267996210379e-01
8.730535461969863853e-01
6.887327735023743847e-01
2.525910994550525368e-01
6.456869851443355346e-01
7.992825391286834114e-01
9.294161419882677189e-01
3.093442277802981311e-01
3.327900971875499270e-01
7.638674557828002420e-01
8.661637577644305530e-01
9.478412439972762060e-01
7.550852548062222391e-01
6.449095443547441242e-01
7.285870849226042667e-01
3.776340222939562619e-01
4.070621095805734280e-01
4.788833926770041938e-01
9.893043020360511308e-01
7.165914044863417320e-01
9.804766043141379672e-01
8.376733890437756402e-01
9.660040344503877385e-01
5.415026238807704173e-01
7.645066862037718236e-01
6.990110424647555387e-02
9.839518000791105390e-01
3.050145891974695989e-01
2.518962669264553922e-01
4.373248386579939861e-01
4.805314873936008535e-01
5.154887787138673350e-01
6.191750131257262035e-01
8.972865496188336953e-01
2.738979596828239327e-01
8.280331817321586740e-01
4.766374476614357869e-01
6.469527430355924702e-01
7.945782135669241519e-01
5.698601011375290515e-01
6.681727494540872225e-01
8.876581780340537797e-01
8.138720501881560043e-01
4.579800314966783192e-01
8.380865247604171175e-01
6.423535764919197089e-01
9.576428444862754574e-01
9.246919482014874792e-01
6.924788530676213583e-01
8.356357746202265346e-01
7.389481059146658648e-01
6.809059500802715492e-01
6.637897304662524478e-01
2.501509697441158808e-01
5.875449126292215940e-01
8.674162176254568424e-01
8.266004886302731336e-01
8.806690425904747377e-01
4.208679285976323348e-01
9.895209035023923017e-01
7.798160783891036063e-01
7.567332637816800434e-01
8.138052217647930853e-01
9.585878431820715750e-02
8.433328924164648077e-01
8.375332062892754115e-01
7.538376611716172127e-01
2.918895221834992837e-01
9.242731856655092004e-01
5.113046983834372838e-01
7.202383514679980836e-01
1.640003688547195804e-01
8.872580342362762496e-01
9.261650521421017634e-01
8.015947526862287065e-01
5.758684791961203864e-01
9.240173170710728190e-01
5.784212298469131319e-01
9.154266056580115940e-01
3.100536126983883811e-01
8.838559810290608221e-01
3.695949151472722738e-01
6.648389047980233224e-01
7.337630849775503838e-01
7.237179052743814012e-01
9.910157489592432700e-01
8.941010678885623619e-01
5.771099693290192567e-01
8.050736548928019154e-01
8.680998700730629958e-01
9.166457763254166613e-01
5.090344922317575627e-01
9.650264961187760004e-01
7.657166545076907749e-01
2.238963662897781592e-01
5.318972459998985158e-01
9.474521246390441576e-01
6.320288461302838723e-01
3.675635502411087607e-01
4.653236771330060417e-01
5.030724245628215296e-01
3.026869172968948973e-01
7.141865257486218477e-01
9.616650381644377132e-01
7.206562026149803124e-01
6.876933781912695220e-01
6.731465008279553519e-01
3.374270700168435777e-01
8.985088625069904689e-01
4.944918589282131238e-01
8.147929765769973409e-01
7.597095424220611237e-01
6.368620267344291541e-01
3.235257572418467342e-01
3.911068686314845833e-01
7.330314935146859945e-01
6.079504817589558296e-01
5.507334306013690339e-01
8.379080486616284906e-01
5.088717540640901316e-01
5.997052661717123812e-01
6.602665536091223419e-01
7.111883952610226212e-01
7.677601245181819856e-01
3.857219205414629259e-01
7.203238000159809529e-01
7.447999206374518177e-01
9.844632654059266574e-01
9.847856031394293108e-01
8.936900272534488154e-01
4.302000824308919169e-01
9.306327046378403134e-01
2.553693045340664769e-01
9.239053741221803229e-01
6.845020279257005846e-01
8.667993992398722591e-01
4.983141379964050044e-01
6.884855642636082962e-01
7.124984607482203192e-01
9.425609817141300528e-01
4.438192994120472301e-01
3.643592862075020200e-01
9.194941018092815943e-01
3.793580109363017261e-01
6.007955600388170669e-01
5.922302793338577453e-01
9.465879861422192842e-01
8.473156567182882348e-02
7.024105087250970270e-01
3.513255325017747843e-01
3.921710528221760139e-01
8.751627144251422630e-01
1.266391502704374838e-01
7.290398578479484470e-01
5.591700618695902847e-01
7.847843831235321588e-01
8.771062060051381115e-01
8.701548272143601048e-01
9.584874760326551613e-01
6.953714532275738769e-01
3.747156739152470717e-01
6.517336803451967420e-01
8.754156706689255607e-01
7.433688465438789139e-01
9.818680243280547559e-01
5.896843251612531311e-01
7.476325743293789072e-01
9.389211924477846027e-01
4.418110426104762123e-01
4.946732680642832447e-01
8.713962627142027850e-01
9.277230861478248380e-01
5.937130129962482350e-01
4.091249971999999513e-01
6.239801373219731051e-01
4.510535139550408967e-01
6.133610836686366197e-01
9.119453601915370466e-01
9.533504089535193016e-01
8.896316239754568089e-01
7.320911814786277283e-01
5.962948946789570215e-01
8.332551709125978201e-01
4.145166548787349026e-01
9.754333188221822049e-01
3.152880455806489346e-01
5.388250384318175046e-01
1.438290741487273650e-01
4.097993443144823944e-01
6.503252101412387853e-01
6.657458838870593532e-01
6.875713802289821208e-01
3.305886284990219304e-01
8.407174194402076139e-01
7.234077180463249768e-01
8.705183329126230385e-01
5.535722726806580063e-01
3.488008125783684799e-01
5.952598478623027933e-01
1.463237084796281673e-01
6.681672992733749261e-01
8.187081200738034470e-01
6.536075126957793247e-01
7.229428245466253955e-01
8.001123287931727335e-01
7.865027275637116455e-01
1.711903499728930633e-01
8.235700498085419818e-01
3.326182707496391222e-01
9.937948788595060146e-01
5.457719305800292631e-01
9.698081183033216979e-01
4.340438833600972490e-01
3.641568301430826438e-01
8.292120645737163231e-01
8.360075942267013449e-01
4.294288599330686740e-01
8.234738640023544498e-01
9.642644705233468505e-01
3.474119632487272513e-01
4.920744044013467544e-01
2.151731808580295002e-01
5.021403581987410325e-01
9.320567835533907219e-01
3.349864072887206445e-01
5.990098012220045343e-01
1.821176759980923654e-01
5.651410175445938933e-01
7.387920900267570534e-01
1.229736210352186943e-01
6.442068958873924389e-01
3.934966704445308494e-01
9.744695052789786871e-01
8.415594955153928858e-01
9.778413992334848981e-01
1.345427507395746680e-01
9.747993064024588206e-01
8.504772211162844320e-01
8.003787515173121925e-01
8.729318803282689609e-01
4.990210750013115426e-01
9.665620849686998861e-01
5.826217075756645603e-01
5.606087048031698217e-01
4.349154874692278128e-01
8.359702740358933015e-01
8.026342627704153854e-01
9.214242195054961337e-01
5.838753967699927827e-01
7.308835791550116756e-01
7.385341828545894938e-01
8.079012225730342056e-01
8.349874089308573222e-01
6.196603932783067981e-01
1.838136918140544918e-01
9.098551926214801799e-01
8.833881046947466009e-01
2.923950111800006635e-01
6.936467507233511354e-01
9.931098390282471211e-01
6.106818693070058535e-01
6.988808635830342508e-01
4.092439058606960334e-01
8.902365366674500624e-01
3.683966910891659507e-01
7.089042988505490639e-01
1.879403674537568625e-01
1.533627468278607742e-01
7.666389340795793927e-01
6.189863516774528618e-01
9.728911746606880850e-01
7.155700446307453610e-01
7.974051796409236115e-01
4.494360752407954296e-01
9.814308484652830566e-01
8.107399810500728332e-01
9.438549870359690397e-01
8.492605077487869192e-01
6.947626234701576031e-01
7.281845539151804436e-01
9.490759891488335098e-01
2.382159813932980263e-01
5.428824458957114407e-01
9.600536536320836145e-01
6.209372463240547813e-01
5.198771243697568600e-01
9.905303199220092392e-01
7.175087823248307295e-01
3.196048134930313811e-01
9.077637595285139582e-01
7.835607563498615535e-01
7.683747758097583258e-01
2.683193068412262905e-01
5.528360622600093643e-01
4.569751198973890371e-01
9.369645593148201446e-01
6.680671747118864801e-01
4.496187882975382077e-01
5.377860365010189714e-01
6.141860519444869437e-01
7.742789524536264345e-01
3.481053675302488992e-01
5.943514990651431740e-01
