5.735672837243377398e-01
3.731755927308140208e-01
5.723280309422453804e-01
5.780362233339531031e-01
2.709049191339091278e-01
4.763669191807617942e-02
7.213513786619776269e-01
7.486546895602148588e-01
9.404057467261954795e-01
4.162102747908996148e-01
7.548215202828688630e-01
4.773236135387932122e-01
7.085406180296178746e-01
3.850453813644819090e-01
4.324724710631402402e-01
1.676517276491001907e-01
2.606391903334567828e-01
5.318595416088337524e-01
6.221813168260347249e-01
9.095980948113137066e-01
6.598897317533264362e-01
5.777929478280576792e-01
9.438665234437147722e-02
2.557586112393091526e-01
5.801495335084465577e-01
2.826830364746888424e-01
5.822504680017478451e-01
2.508004198997135226e-01
6.113931126831825269e-01
6.097580579988640670e-01
3.603736611836657611e-01
2.194405230317728051e-01
8.308695812865002361e-01
5.862525657100210452e-01
7.351515207538144026e-01
4.393817236496186940e-01
6.765588341450213816e-01
7.460750248315762834e-01
4.312358406310243253e-01
6.927469039198806966e-01
3.640684255191311003e-01
7.765795391985792495e-01
1.090594505365806571e-01
9.583075288538460690e-01
7.559793389010363018e-01
6.741317121420615788e-01
7.359834273922312153e-01
6.717726931508781751e-01
6.187576128570225764e-01
7.148685289978993218e-01
4.881462950594803174e-01
4.748099982099531768e-01
2.626991174129363338e-01
4.777386762563630707e-01
6.775675077328939810e-01
4.075873340197265771e-01
2.177803580793185589e-01
4.375175177375105751e-01
2.812741230018384053e-01
5.769689041749515024e-01
9.107343444566926571e-01
3.404521526737032122e-01
8.596934433167537914e-01
6.089532616380713970e-01
8.827175280805335533e-02
3.535046993461909981e-01
3.145982532776532281e-01
1.351710682112121642e-01
6.807399306122934313e-01
4.300933015070159682e-01
2.834836080293769434e-01
2.857341961020445908e-01
5.688258839286755020e-01
5.288001218244833268e-01
6.706926532372894378e-01
1.755108788637304296e-01
8.235824115080258023e-01
3.704250608234552211e-01
1.710617516445789299e-01
8.600775649885081808e-01
2.798802760728865691e-01
5.525605231184949062e-01
7.392148484529619257e-01
5.115095102917159853e-01
8.466755121872945322e-01
7.052990393390561330e-01
4.808065349437071756e-01
1.808206821151960852e-01
7.798753233366855220e-01
8.242718164708926487e-01
6.273659100457473770e-01
7.448079357428870617e-01
6.096348546380720990e-01
4.820963574229673032e-01
3.701563782174733253e-01
9.092556393022662720e-01
6.928146848322754847e-01
3.935598884910149753e-01
7.235917688835082906e-01
2.790095232432733829e-01
3.412405366960583053e-01
5.507853337345385292e-01
6.022707278351385751e-01
5.048231914990499725e-01
3.633477645927912780e-01
3.481598938701554458e-01
6.675089101792823776e-01
4.855754043576074319e-02
4.305866866630791989e-01
8.494085868796386052e-01
7.774103942099356290e-01
3.966987856142856206e-01
1.452701752280554648e-01
5.069022203830012702e-02
7.308892401138442629e-01
4.445240105982646850e-01
1.834825741690798429e-01
7.013117556995425161e-01
4.627224269459851991e-01
6.073885990708635108e-01
5.085697275337738299e-01
4.300900961052970262e-01
8.062113314396733843e-01
6.453292797223256771e-01
1.348732744971624653e-01
2.777754713411656473e-02
1.060940749663267235e-01
8.866224400070471523e-02
7.966895610366075964e-01
1.545830024934656821e-01
1.733574921681002023e-01
5.835578404225375548e-01
1.143182536296308560e-01
7.391863976520376411e-01
6.351115456523519498e-01
4.957419623848297041e-01
5.918511519290294842e-01
3.943251027270900932e-01
2.285112510037185796e-01
9.441649983948348090e-01
9.597993761308601934e-01
7.636722514043732257e-01
8.598451685536659950e-01
7.615994139968665921e-01
4.912934679876416189e-01
3.677074372436149874e-01
9.212592575873115308e-01
3.400449772034026541e-01
5.917434206586149603e-01
2.989232106816079315e-01
2.060795389634003105e-01
5.451510048278717102e-01
7.470238522400290959e-01
3.270733590937316970e-01
9.390102317340386362e-01
4.431091779989109192e-01
5.182423549293718734e-01
1.792623775034371536e-01
4.316609806918952352e-01
4.365857482522653155e-01
2.351463328283643489e-02
7.441543953054426952e-01
3.257027591490320728e-01
5.934577343498661506e-01
7.399255629467018647e-01
6.479813533542679860e-01
6.097804149969708876e-01
5.548050206138412932e-01
7.213605996681519139e-01
4.844091382798537682e-01
2.248392177627750177e-01
5.423852708569449899e-01
4.478905228784348935e-01
3.728518317329311271e-01
5.164775905714629189e-01
3.840120710978495167e-01
4.576489259520807873e-01
3.325293292118067234e-01
9.071573247419610908e-01
3.045320737982386006e-01
6.428928444565665812e-01
8.630327804328579155e-01
3.433829918795694436e-01
3.627889090221165791e-01
3.015040893254942178e-01
5.254682536242143431e-01
6.490854079238252972e-01
9.423196185965415639e-02
1.247105398125222669e-01
3.464193432173355847e-01
8.833949271991849983e-01
6.933046408529456306e-01
5.625948371345953491e-01
3.786640631331988915e-01
5.278367487552680926e-01
5.230121434922804236e-01
3.006010363695327814e-01
5.608947736682716734e-01
5.997166978607462173e-01
4.634045562446235111e-01
