1.027602449438586030e-01
1.355586796720859022e-01
1.116502230316595012e-01
5.215791618660354789e-01
1.374002779169812838e-01
1.837410785896564924e-02
1.560695565793456252e-01
3.236363708966490949e-01
9.397768872430029008e-01
3.083058852228901525e-01
6.486910639714332794e-01
3.495096426856797445e-01
5.418484799952854036e-01
2.416634362898422150e-01
2.078873764055987339e-01
1.624936989532475007e-01
2.537785840491824096e-01
3.580251457318914809e-01
6.136863381490549330e-01
2.785631268616883816e-01
5.950342710581220107e-01
3.879472071645689857e-01
2.589413968990361692e-02
2.342570939401658059e-01
1.510751005014167037e-01
2.419947150130217217e-01
5.041822555842722098e-01
1.296376748120650069e-01
5.565445789007811284e-01
2.079227085643347017e-01
3.430735360932367639e-01
1.221058193479795939e-01
7.440939299916116134e-01
1.838589154246393909e-01
5.353134458180560662e-01
3.146420359904114061e-01
6.547439897504361284e-01
7.454873386156884996e-01
9.065647691388489804e-02
6.690955005279587420e-01
4.767915002747535880e-02
3.340614567288380243e-01
5.336729108253679410e-02
9.541494321258642275e-01
7.506991754841412234e-01
4.993343466450232970e-01
2.346233953034373432e-01
6.136981528636026306e-01
6.150641648983474763e-01
7.010797351505496655e-01
1.536720707414879206e-01
4.271905717200941144e-01
1.628315514246055917e-01
4.531718224729209821e-01
4.302220705971221415e-01
1.760556414004202930e-01
2.320888432908230214e-02
5.573213339925209286e-02
1.305264939455406115e-01
2.993471456455699675e-01
8.914483264806786211e-01
3.016872976357275471e-01
7.276878725983724205e-01
5.962677471696730125e-01
8.571755340192110939e-02
1.769192669331641765e-01
9.909292508059930338e-02
4.908684483338299209e-02
6.498633276431378114e-01
2.786863131579397912e-02
2.192886259141115790e-01
1.960235862172672316e-01
1.787353747739601761e-01
1.733873997677634060e-01
1.119061827464917780e-02
1.704862359179293296e-01
8.040719660983471906e-01
1.602059520175960206e-01
7.657219347293564571e-02
5.924531579578041773e-01
5.456745328295597997e-02
2.430239253033750213e-01
7.080363564689668987e-01
4.231252515499482891e-01
8.066707194105601220e-01
4.508330591572440316e-01
4.335285507043207254e-02
6.303256829215508894e-02
7.750834863340816394e-01
4.357730585741700358e-01
1.861997636784917809e-01
7.183636308112953950e-01
1.176547223427431010e-01
1.109894383363270176e-01
1.645318415551045854e-01
8.997374692367914317e-01
8.468936845316243911e-03
3.917251868328899267e-01
4.439527037242716467e-01
1.930374017955052146e-01
1.103991130191785963e-01
2.194688842685506014e-01
1.472784516825265122e-01
1.304052837193572234e-01
2.256360319632814138e-01
2.397501090302937010e-01
6.554196674258196964e-01
3.354052248633254685e-02
3.905041803234302611e-01
8.477713150570360678e-01
7.591437463937967811e-01
7.142126920816049829e-02
2.778202209149449597e-02
2.111284306449257020e-02
7.247916089935783068e-01
1.916052374886094700e-01
1.824855113700178944e-01
6.982468969958469662e-01
2.746454264954434343e-01
5.698624085536624362e-01
1.807147154655794896e-01
2.288993538734012123e-01
4.499372025787848894e-01
5.899937900999442375e-01
2.289988408961030064e-02
1.351334953726912591e-02
7.279376517863489493e-02
7.775241694888501698e-02
3.120446001249128631e-01
1.242655861774893955e-01
1.368144875038425079e-01
5.519867717268490681e-01
5.616334289804569835e-02
1.275056399212257663e-01
4.732791529298570055e-01
4.805376903387159615e-02
3.355117274756224122e-01
3.912199288888442705e-01
4.912431677163731081e-02
7.512850989466456353e-01
9.401722082879293563e-01
4.132662412838574717e-01
8.349131984062553302e-01
2.125003845697248650e-03
4.726443588253165240e-01
2.729694396506638920e-01
6.790290143199398942e-01
3.297710569355041255e-01
4.838296195855421589e-01
1.976644080912498547e-01
4.380108489355338808e-02
2.383677288311875087e-01
3.219751967906413492e-01
1.998368358837223635e-01
8.668736814860861228e-01
4.268460348197234966e-01
4.704037672933847336e-01
1.381259003082816461e-01
3.147065679399525528e-01
3.273178119541173547e-01
4.627976176583170620e-03
7.413960994317387865e-01
4.995972681402183202e-02
5.757561754881664884e-01
7.297459150541080186e-01
4.823201951598627968e-01
5.685701954259214652e-01
4.840628305331633463e-01
3.029411817752449831e-01
3.510415762545222584e-01
1.194832860354489990e-01
5.152264405513339307e-01
4.468425022672477542e-01
3.097496159147734573e-01
5.004940251070152391e-01
2.596022966991817782e-01
2.402708603548868727e-01
2.615696752434966132e-01
8.598106321899924298e-01
1.847414896473774659e-01
5.679098608876296250e-01
3.815689585090309421e-01
3.367606896735396704e-01
3.263745592625086900e-01
1.134351497995679248e-01
3.900389788993845475e-01
5.698793797605947731e-01
1.402552233813192384e-02
1.516360144214445871e-02
3.141285816925072361e-01
6.002128708319374173e-01
7.799711521001473358e-02
3.067413209195901658e-01
1.770365198134081774e-01
4.455074825497853386e-01
4.398365092177866087e-01
7.792034110817669390e-02
2.401028270107771201e-01
5.616465428342549693e-01
2.770081967032399506e-01
