4.614567296924698692e-02
2.496694354621897816e-02
4.625312736925505375e-01
3.129460559035414091e-01
5.026484214248860827e-02
2.337094496695324430e-02
1.473637729819792241e-01
2.300492374706355481e-01
3.723141301914211221e-01
2.017367710837293382e-01
3.361419619702702422e-01
5.167216420870163196e-01
2.682842030574883463e-01
1.031033473831963754e-01
1.039165579758171143e-01
7.099113509561161273e-01
8.608391653563760570e-01
3.585048109723921739e-01
4.903959118554577223e-01
4.410957258376706491e-01
1.087910298432654965e-01
5.523941070352165195e-01
4.543372605948428067e-01
2.321693795274797356e-01
2.416734222327433512e-01
1.636789337201378647e-01
6.249651208493355314e-01
2.863709565403531609e-01
8.127607209376851438e-01
4.640306562475194907e-01
4.847582957384027891e-01
2.434935490533762792e-02
5.654827094009420296e-01
6.126074187152533712e-01
6.187485599981508155e-01
1.113491832599573517e-01
4.464340835304450028e-01
3.549651671095298555e-01
4.085268611139942774e-01
5.541371418628379120e-01
2.893490475332443079e-01
2.130093962753788484e-01
8.365491522366319543e-05
1.173080065344154210e-01
5.369561361842617453e-01
1.255492990037826440e-01
1.924385890401135724e-01
3.289810747003697466e-01
2.508549225406377925e-01
1.603996069107288536e-01
1.779021493236376816e-01
5.067695143605475128e-01
2.666921586530015542e-01
1.125002805254471383e-02
6.644664799952693102e-01
4.729176798712546592e-01
1.692885422298980869e-01
6.968955261429244930e-01
9.193580398049261415e-02
6.964175931640949058e-01
1.111955641221618052e-01
8.554926425083908548e-01
7.895327101295718242e-01
1.694740866267741008e-02
5.136672825780429497e-01
8.904508251353908665e-01
8.885417252184223402e-01
2.844048261675328204e-01
1.383344535119498397e-01
5.572145547610086735e-01
9.400194700602082509e-02
1.811344440992863625e-01
3.288577416411460064e-01
2.385428063121699527e-01
7.509359695902790843e-01
2.959834047276188596e-01
4.425175894223585260e-01
1.085510608161688317e-01
2.821724117192592196e-01
3.106417696164448516e-01
8.609700037606859979e-03
1.193165311055310873e-01
1.877848074011233548e-01
9.727709116950333801e-02
8.161511388444042669e-02
3.294738096581835141e-01
2.537868866332825268e-01
7.006403253440915968e-01
3.504861454959096179e-01
1.702033870301201679e-01
7.229556807187937917e-01
3.001752851672750966e-01
2.647834331486156323e-01
3.301353017039707627e-01
2.230614170090395865e-01
5.380797492114153258e-01
2.624973873673271951e-01
2.870197021202144372e-01
1.305119568491838189e-01
2.422294648612240975e-01
7.214826535472584901e-02
4.893045157333139050e-01
1.041292977368499795e-01
7.620547256627520083e-01
2.123400145713234544e-01
7.363371032413723594e-02
2.651553107863161562e-01
6.947563416537250180e-02
3.296190487944264946e-01
5.220612210150933352e-01
2.968247689753183982e-01
3.697288954765000080e-01
6.703115294385197931e-02
4.621217776793762333e-02
7.600220777408264183e-01
2.033082388177775979e-01
3.817703389091370303e-01
2.632311678692534906e-01
8.879499355837572327e-02
5.534356313264889859e-01
3.709237905385386336e-01
9.525161244013746753e-02
2.414520113422362613e-01
3.572019696595339910e-01
6.001832098831688667e-01
1.220687650866529861e-01
3.767692260720061359e-01
1.464290293459497017e-01
2.300851112884467753e-01
1.277239563434786618e-01
7.614062253472382302e-01
2.091894235909964594e-01
3.841287347183481860e-01
9.994082825931593916e-02
2.785832488735766610e-01
4.136215484549888854e-01
2.341098973999300448e-01
1.628427398996868947e-01
4.405738868615892700e-01
2.919623532241263364e-01
6.860162001037076740e-01
8.506407351267285533e-01
5.594282027241244126e-01
3.217989260336872048e-01
4.114380953981434663e-01
8.841881616293190138e-02
6.444340143442406355e-02
5.214210985867645531e-01
7.235516036980432775e-01
3.776845217034512370e-01
1.387268559928446221e-01
5.228036120771650808e-01
2.772321430509024909e-01
3.478682876095274823e-01
1.854083583356814779e-01
5.625456372391914872e-01
3.996125690740592873e-02
4.523039727404111199e-01
5.285860726028226431e-01
8.247048522814856009e-01
7.509013262588284388e-01
1.316650313776036585e-01
3.940509871073087922e-01
1.858514252353161700e-01
1.197091695429719493e-02
5.701421825841135327e-02
5.963732944050190721e-01
1.076926697706646063e-01
7.147870555652684477e-01
3.449019418399248416e-01
1.098790350283213035e-01
3.795745662506256890e-01
6.466201789472366679e-01
2.339585216444900473e-01
6.937150529859381631e-02
7.972490317282510119e-02
1.079058605873769450e-01
3.612466249021751841e-01
7.717711111541725177e-02
1.514055832666871826e-01
2.343980582699867199e-01
3.998331959294914029e-01
2.157020581718612773e-01
5.424795317379969006e-01
6.382958226280873726e-01
1.247036791827516033e-01
2.725061080632389388e-01
9.416466678262180867e-02
9.083199096551938245e-01
3.322271967208898502e-01
6.450929180434621379e-01
3.483094388141955156e-01
5.412893484342045092e-01
4.000852511938194356e-01
4.029238508226885562e-01
9.411553472447979907e-01
7.229963674460426759e-02
2.526517022283127911e-01
3.108419989013124773e-01
3.427158234769177581e-01
2.074286179613505920e-01
5.137019845962906839e-01
6.366141747730252876e-01
2.596422070847891339e-01
2.009283650936314336e-01
1.394856349842895638e-01
3.626609762891658262e-01
8.314845148361934557e-01
6.256474706852518386e-01
4.948388948392826725e-01
3.564216444540045936e-01
4.339490014986465694e-01
5.095072787355325872e-02
3.142216810576662356e-01
5.655983393679531179e-02
7.945409288911808865e-02
3.103813859421339361e-01
3.667087057508726655e-01
1.825135370711306049e-01
9.598838019453515003e-01
2.897917192270397235e-01
3.298902637311962316e-01
1.025226126700240492e-02
4.449830340377975979e-01
2.946988052548082937e-02
2.284540134001320499e-01
2.612451816608651889e-01
1.709272416304845610e-01
2.525542548733720194e-01
6.129739031688539175e-01
3.342996116149347108e-01
9.694620921038077377e-02
3.525116979431952569e-01
2.566690544387536521e-01
5.853486640195200152e-01
4.763176966850011240e-01
3.349515859686421626e-01
6.331711700752679084e-01
5.530963343245647312e-01
3.535204159104473609e-01
2.583228128842559590e-01
6.837904341650730133e-01
1.629997227731255771e-01
3.115086729971923152e-01
2.250568028910694407e-01
4.438011995076706073e-01
7.043216745267076861e-01
1.316978522124057083e-01
2.727071624806727268e-01
5.970162814755641811e-01
1.969417410759347620e-01
5.010282969593040647e-01
1.089907442629192147e-01
1.723502431051824324e-01
3.730444775273925595e-01
3.162944643795603250e-01
4.860699949653866092e-01
6.388835292834467161e-01
6.415306094364685574e-01
5.120909628281951065e-01
4.602217131817631923e-03
4.760697045847335218e-01
3.408540132740908168e-01
7.038080917499304201e-01
1.241482698328010281e-01
2.179701421043559462e-01
9.421251343658421096e-02
6.487638739777309427e-01
3.284561792002027580e-02
6.024963174444123437e-01
6.855287339718861839e-01
4.634030211339045247e-01
3.405342557444884788e-01
2.650170524114424664e-01
2.630572255227950906e-01
7.931214493800993193e-01
3.596892021058006872e-02
3.405777893112875709e-01
2.897293011426567144e-01
6.381946257775727993e-02
7.381504973648289614e-02
3.689355265100475734e-01
6.545449189307384064e-02
7.931040214882919548e-01
4.946750951434052412e-01
2.907137179568094476e-01
1.429119190203104184e-01
1.699047490686905748e-01
5.012309180932748021e-01
4.026868186785812487e-01
3.158801685578259688e-01
7.491204425841402337e-02
2.123865600797614217e-01
5.106231248825859881e-01
6.399646221769894616e-02
2.769140153813609562e-01
2.992861223964317086e-01
4.336253286248155092e-01
4.481301336626819509e-02
6.174798037172174459e-01
7.499171773570247890e-01
5.186777530836759187e-01
1.630499851454820792e-01
4.419768021901687716e-01
1.191645517614046135e-01
5.579941523877588461e-01
4.917097653443145422e-01
4.988780852493309714e-01
6.027635689467044644e-01
2.536916886107558611e-01
8.103887728019876224e-02
2.381661501610685683e-01
7.243471218311005044e-01
3.195569585428096326e-01
3.604224916623893771e-01
5.624861356221432240e-01
1.068647505438513612e-02
4.816064796475705290e-02
5.109255006311773650e-01
2.270317154117441616e-01
2.196621841945808340e-01
4.087343108673879843e-02
2.386117278944034359e-01
5.923188141211144231e-02
7.361944087011439430e-01
6.848526070836139512e-01
1.494452121698199853e-01
1.139810118703293851e-01
6.658465349915335674e-01
7.251866062224465725e-02
1.282413457152812297e-01
2.286838755386267907e-01
3.965150907443969475e-01
4.928515389921972467e-02
2.754075661742632075e-01
5.492001195829122606e-01
8.576160801969889835e-01
2.617277129117822065e-01
2.561428765692522758e-01
7.177806379710804929e-02
4.044921883291852094e-02
2.423746317535216965e-01
2.476743847663354092e-01
2.113816245626636281e-01
1.850557863616253407e-02
1.778660805837152248e-01
1.309288695099739552e-01
7.508536091162099080e-02
8.505076645862962303e-01
8.733545034616607694e-02
3.405508160576108390e-01
5.513291516579799101e-01
3.898713028946076964e-01
3.809159714791343632e-03
6.779669023960723795e-01
8.753228786813416207e-02
3.977282535544751640e-01
2.428943636573953624e-01
4.509397312066886210e-01
4.976550474413845571e-01
1.274261343271576585e-03
3.546563451496541619e-01
2.176090146713330897e-01
5.543246766063469888e-01
2.105529230040538158e-01
1.710699758499127920e-01
2.016875216517415303e-01
2.997480842237681964e-01
5.053707638456406137e-02
2.226055389103540616e-01
2.794854641217819902e-01
3.216535211319114795e-01
2.298625166981904666e-01
2.551007425621516500e-01
2.829082822317290358e-01
6.143021396679904100e-02
5.964940044849144085e-01
1.506461176644795508e-01
5.702761305976533635e-01
7.797019805803691028e-01
3.639193073316043803e-01
3.596296075749583210e-01
1.639654490415943799e-01
2.588888767374419864e-01
6.459807437714637501e-02
2.117666057970095661e-01
5.020644656393924432e-02
4.448635645756360280e-01
2.280078230079849444e-01
2.891147695408041729e-01
4.627217836973928078e-01
4.579993489073272972e-01
3.715469368034012287e-01
2.404537719788868433e-02
2.593738792195520171e-01
3.348879013982546393e-01
3.158573359200811392e-02
6.138772165726329444e-01
3.304835976891726812e-01
2.054396698792767539e-01
3.132110930032288021e-01
6.644067768011913122e-01
7.823698314653226848e-01
8.386767440422648878e-02
5.840911492449951670e-01
7.070119247673867235e-03
2.803023022650596996e-02
1.277689492357181322e-01
3.920774974675345081e-02
3.117434320682865856e-01
9.372354166467167236e-02
8.168137673552884337e-01
6.307078978793780877e-01
3.220560802820174873e-01
8.692978572017273642e-02
8.325987096227411843e-01
1.361581051482909643e-01
4.488206020877846258e-01
1.332026067885427878e-01
6.065974585207911662e-02
5.340240449213055074e-01
2.818764245350213749e-02
3.254178774287397324e-02
1.613468804195282713e-01
5.315305648391255300e-01
9.519060314123584110e-02
3.034435534517743172e-02
2.415377012113036903e-01
1.801551861960082324e-01
6.732763726244369584e-01
1.168461914562245463e-01
5.725866143486232351e-01
1.234713545890553377e-01
3.029810718847689710e-01
1.699374144287275623e-01
6.465433267444107290e-01
2.002477297262318379e-01
2.326219101555497826e-01
7.569601700752082163e-02
5.919363296641666494e-02
1.571273060994883286e-01
2.074290886062701844e-04
4.585039720575566635e-01
7.024452985998436150e-01
5.541796938119571969e-01
4.663877910644455005e-01
4.895607757998933218e-01
1.933737092512042288e-01
6.356951530792698257e-02
2.910500846852377421e-01
5.748503927964558891e-01
1.557292168189871040e-01
3.858773598756028989e-01
2.640377255625017128e-01
1.271826196612251270e-01
3.902933832440814710e-01
3.238336109045965028e-01
6.269154850951863533e-02
2.461432162399659340e-01
1.090780368984302084e-01
2.822747242862898576e-01
3.172895249232697834e-01
2.096933559697968796e-01
5.892232488119553135e-02
4.850828758463965329e-02
2.666745016899033649e-01
5.583619841137954509e-01
7.277585679029245913e-01
1.137541199318489182e-01
5.074072990883260470e-01
1.310008944477885073e-01
3.094888000267871364e-01
7.317155368591562459e-01
3.955241369260036333e-01
7.344086276741312869e-02
6.152381401653744808e-01
2.328855630655709552e-01
2.568813328051234857e-01
1.184221852435607403e-01
9.396103761076257666e-02
1.550243432301353641e-01
6.148061200553672778e-01
4.992888939032593676e-01
5.005372700899080041e-01
2.147232769450535539e-01
2.772184137895096212e-01
4.899878858590978048e-02
6.857743719662439119e-01
7.026291903297575692e-01
8.090763613615148397e-02
1.413346841590636949e-01
1.460897404301693125e-01
3.560847967903673084e-01
5.593204590759867090e-01
2.913799214805630200e-01
2.840713110930410679e-01
2.198338464274629533e-02
6.661698942749644248e-01
3.542703217343501354e-02
4.765015598034126887e-01
