9.806994700535740517e-01
2.818295895731439682e-01
5.340497736982813271e-01
3.652678787730377907e-01
3.744343022768690243e-01
9.338976237216966014e-01
3.138523734767323381e-01
2.395680683600346361e-01
2.492228814683619120e-01
1.778017124419208894e-01
2.277413724256094341e-02
1.842807065730401872e-01
4.770731908188717840e-01
9.483024223361656846e-01
9.814733686808689850e-01
8.898430497271672124e-01
2.199109404284870228e-01
3.570333634039591919e-01
8.088433685179569066e-01
3.681372084110956511e-01
6.392423211125386473e-02
7.864583986471110899e-01
8.756475350517743950e-01
7.544096876457918599e-01
2.661567227246240952e-01
3.274929732346154587e-01
9.285415008081693289e-01
4.860057726049619164e-01
6.228552913745440955e-01
8.259773979043281145e-01
4.826685940825927723e-01
7.793936393859619560e-01
6.971040066727932638e-01
5.405141241392950047e-01
7.996052881654684974e-01
9.503810369071635789e-01
4.086009262724772384e-01
9.892302408714050976e-01
6.452106345242996088e-01
7.294759533267808349e-01
3.341685949832347013e-01
7.401361854611813174e-01
6.282928206384681413e-01
8.293992456022778459e-01
3.745846600699671569e-01
4.795092537350001960e-01
4.139995200592083702e-01
9.998073211414755246e-01
5.678189404698095188e-01
9.422357002740872067e-01
7.592090595155505106e-01
2.165427177916123824e-03
5.342082111158420465e-01
3.041095928547500327e-01
4.889343184823647936e-01
6.626951667272222846e-01
4.790823106307430246e-01
5.012290165661112962e-01
2.091773920986642610e-01
3.013791826035219223e-01
7.420838358537511503e-01
7.085607853226215669e-01
3.938489444289596797e-01
3.219376724118258037e-01
5.892374130081068362e-02
4.850947506991744040e-01
9.097012313186070287e-01
7.510668967422636788e-01
4.917491196499453876e-01
6.396638764132155375e-01
4.453344289655546406e-01
6.452156850707492231e-01
2.923428501562783666e-01
7.982788888156492346e-01
3.808862167725759473e-01
8.627563286095774053e-02
2.723148776020201112e-01
1.825148849760248604e-01
2.094374733397121879e-01
1.022624080111975697e-01
1.069625375376049847e-01
5.996062176224744578e-01
6.734110973999651861e-01
5.330441969037009731e-01
7.227403887193754040e-01
2.928856121364282750e-01
4.685170769807057711e-01
1.248395803070760923e-01
2.391603444883854124e-01
4.948308398122401863e-01
8.679335072288797415e-01
6.930731534482681422e-01
4.791307721741921988e-01
8.621171414928890941e-01
2.216268844304960517e-01
4.028372060307301439e-01
8.868737225536909019e-01
7.629606183789250373e-02
7.750035901861530574e-01
4.943403533620225332e-01
2.776920742583567359e-01
4.770759786790577106e-01
6.714092448192765517e-02
4.954457265448346526e-01
2.223487865110671535e-01
8.744168506552087994e-01
9.416443379715438988e-01
1.819456015054446985e-01
9.419294613315554177e-01
3.547103467195791282e-01
3.217471609949232869e-01
6.242558766175517748e-01
2.241718797172062017e-01
9.555371204971976340e-01
9.820741927665426196e-01
2.081342194003247270e-01
6.783370178097769543e-01
3.462517088908853014e-01
1.900025191492293875e-02
3.788604722240030975e-01
7.665549470959777123e-01
2.889933824303074772e-01
4.126777366579277295e-01
6.288735191021619375e-01
6.638498270262618295e-01
4.247054228837270351e-01
3.409013984505999684e-01
3.028948455860761557e-01
5.371362514698964086e-01
6.686849316564139611e-01
8.132127579148895613e-01
8.575200195199133013e-01
1.870924225683915365e-01
6.995004141105564122e-01
6.412540408866175268e-01
5.927486694302520620e-01
9.669217570817354446e-01
3.146911236355156571e-01
2.528841383887980854e-02
2.489080134968112423e-01
8.046990200562297302e-01
3.944759182389580010e-01
8.462461070208882052e-01
4.630763489381564124e-01
3.459289249591409598e-01
5.730161960080775163e-01
6.761388606071416785e-02
5.873806369056387977e-01
8.921291074581593206e-01
4.361211150443724538e-01
6.415372312772398278e-01
3.393276325827534468e-01
8.540777744549953310e-01
3.717102398700899979e-02
5.372091335297500825e-01
9.044317053374357762e-01
4.988736117272507542e-01
4.379036375798484038e-02
1.128758698995746546e-02
5.852827794508801418e-01
2.800364919151332455e-01
1.065266495246479650e-01
1.671405795294826913e-01
8.253734609649128195e-01
5.193375436114254784e-01
2.590619352817903343e-01
8.102336080602124957e-01
5.169604925085674596e-01
8.939088003466112431e-01
4.098842093973440459e-01
4.900028651485722753e-01
2.791250004005475516e-01
5.547638119056137462e-01
1.865902134223501596e-01
7.024111543525399792e-01
9.435743152476069318e-01
6.392433017827673369e-01
2.334656965255551553e-01
2.128882087697220316e-01
7.092211487519262114e-02
6.729758520083546358e-01
4.026977709791320637e-01
2.506167888820143297e-02
7.085076511549910361e-01
9.371608142071108372e-02
2.778088238455244108e-01
7.851814684992437510e-01
3.375155865588367332e-01
3.768570101020939367e-01
9.418586715468004744e-01
5.341779095225398510e-01
7.195692097685194577e-01
7.958194970161474036e-01
6.512908323573921576e-01
5.367424114830039450e-01
4.913768461205804128e-01
5.559673555163638925e-01
4.537260523998566386e-01
3.135460021756741877e-02
6.616611878146627657e-01
7.364989876078069653e-01
3.675531243350993460e-02
2.651062071418008870e-01
8.487957820274736331e-01
6.320124772514469358e-01
9.655892984596784467e-01
4.935025851716731138e-01
3.507234568931010266e-01
1.658600732169871472e-01
1.796466371616983748e-01
6.735119346763145387e-01
6.617238961652538443e-01
7.052327139530525368e-01
1.225128056011275390e-01
1.000467535451817769e-01
5.409320774239647633e-01
6.098595919110451069e-01
2.125695499176611936e-01
4.693229247094887757e-01
8.359636419453975176e-01
3.725142440282589451e-01
2.946947843768439323e-01
5.342849480797259298e-01
8.646202348909056701e-01
2.268961805308334911e-01
2.592750073796137311e-01
2.675909158434799373e-01
4.256936721964117432e-01
9.542768391138467532e-01
1.785468208060105866e-01
2.012755474915119969e-01
5.842655057457890599e-01
8.523753456143119411e-01
9.556597300536829875e-01
1.248930869502491436e-01
3.260948265979131122e-01
2.835746041552505980e-01
5.033886759114203358e-02
3.042878504018114993e-01
1.552478175166206453e-01
9.938067944829745981e-01
5.657128782102511799e-01
3.533014216032097643e-01
5.363673292010624483e-01
1.880725961698178628e-01
1.009849031013754228e-02
7.017531047564559143e-01
3.218817294686590058e-01
7.037348218538030942e-01
1.566421022561024223e-01
8.384512883286033835e-01
8.597784459022883574e-02
2.716399296982587863e-01
9.349997999260230008e-01
1.758332391458798938e-01
6.867364964321495124e-01
6.777686571114178715e-01
4.641500049710836073e-01
2.979480209355472864e-01
8.229558048002791892e-01
7.767043740411829766e-01
7.780512975189840530e-01
9.604619428765849287e-01
1.860818521075691123e-02
1.698695583652143348e-02
2.624427276526664077e-01
8.786618518908647646e-01
7.222933672421729678e-01
1.713638319814698718e-01
3.599602687954852609e-01
9.839303234017627853e-01
3.196997562375507584e-01
7.357646951122293055e-01
8.990604522237195528e-01
9.155091923153521050e-01
6.016199841480394106e-01
4.568921000603802796e-01
7.922886896689329550e-02
2.135716609045276160e-01
1.403249548961810200e-01
2.449875160607409841e-01
5.362760050858844663e-01
3.459344265198529556e-01
9.937294822561320018e-01
2.453646994380128676e-01
9.799230790494046772e-01
5.807668418750506767e-01
9.562094169242759678e-01
6.827985678541077519e-01
9.903595472011879064e-01
5.429163864986619181e-01
2.664462521336050660e-01
6.206131878515506184e-01
5.081313259878968980e-01
3.415464883352130609e-01
6.643936254297561073e-01
6.185866476560845095e-01
8.764691684581419340e-01
9.188660981059393329e-01
6.711313132857056329e-01
1.869777265604010141e-01
1.435022058986554772e-01
2.971183200885445519e-01
6.091183216671415268e-01
4.272451027484167607e-01
4.674783390960713936e-01
6.794281359795576458e-01
6.465473773120421486e-01
6.761459394984010718e-01
9.981511829061336938e-01
3.597533398628695034e-01
4.042949955410678475e-01
9.308560371296126235e-03
5.704316208816117006e-01
9.559476917249379868e-01
9.635978551948509718e-02
7.432614137162799617e-01
3.559528808580971759e-01
9.915671434002730766e-01
3.531400631205979801e-01
5.009674119333051845e-02
4.151467179925629747e-01
7.869403540119028762e-01
3.459308136069000339e-01
6.510284269954136338e-01
5.684128641899075518e-01
2.923359937028707778e-01
2.924892289874164719e-01
5.678776116809108876e-01
9.394095100609599625e-01
8.037100895395681288e-01
2.059790835961341493e-01
9.954925663154228221e-01
2.621637974789812198e-01
9.453730360051787462e-01
1.999716686002352972e-01
4.402814354521794593e-01
7.467574161711298952e-02
5.617805540510164564e-01
8.084526437737958870e-01
3.057937246234873063e-01
3.498846288097394730e-01
8.684696927381068132e-01
3.915166665351820230e-01
3.212584773649702630e-01
9.320558315520843795e-02
1.053456982435425626e-01
9.678375043673982381e-01
5.467296720444008162e-01
8.993213122002451376e-01
3.258121172266531529e-01
5.096379715993550885e-01
4.427583094518250384e-01
4.682668161964211873e-01
5.801536648949892072e-01
9.313632904424350434e-01
8.552234600740393766e-03
1.189809525020507630e-01
9.185533404166048577e-01
8.453930470929075236e-01
3.888848738728587495e-01
6.430023231980552811e-01
4.659786898797867449e-01
6.657781362768324662e-01
7.722660026186962678e-01
6.989763682797803801e-01
3.440737735049483881e-01
4.244588529086640305e-01
9.271227020450438783e-01
5.202968541408331538e-01
1.420045438632975277e-01
7.233731147896077518e-01
9.845649741634963092e-01
6.968081652047195540e-01
2.015249231161839738e-01
6.209713986652825035e-01
4.803155509963770164e-01
3.554412438003140551e-02
8.060087499203755224e-01
7.000981351753219339e-01
8.744308375210926298e-01
5.813420944329674711e-01
5.523274176933387070e-01
4.954081504864465968e-01
7.226151198090320360e-01
6.100164195220020291e-01
9.860319667115609032e-01
7.886566951765132671e-01
5.589857389584785841e-01
3.670553283717595816e-01
1.876582347078814550e-02
5.901209664067695870e-01
5.364216915379697026e-01
9.266837278903639064e-01
2.661629832126443107e-01
1.792467326761840729e-01
3.528841993422847656e-01
5.723313379843167903e-01
7.357401245088996955e-01
8.833849877699415654e-01
2.503182704348538845e-02
5.332422265681454610e-01
1.311772650448139732e-01
6.951343566262644380e-01
1.949629483465521451e-01
7.203965724938923287e-01
6.057596937265352643e-02
9.920560160468661071e-01
2.947124725717731319e-01
7.002081265836013202e-03
5.874711017808436075e-01
3.599049420810993549e-01
7.435715468505729175e-01
3.653565041497950361e-01
9.202517194940906808e-02
5.532867526473683739e-01
3.105598225985807259e-01
1.752235096414823667e-01
8.244794170853936288e-01
6.388694384916273616e-01
5.318968229503486800e-01
5.619158568658921826e-02
8.981458482712103564e-01
3.779188528559801474e-01
4.255946697085567498e-01
9.455757023994902921e-01
7.669933867373871506e-01
8.584546450822725383e-01
4.796651240808675887e-01
4.720382871885203668e-01
9.571963633323233855e-01
1.722521869036077735e-01
6.935325020245856065e-01
3.413271367369207221e-01
9.936724198912564310e-01
6.615696340514484186e-01
4.889474192860746582e-01
3.508156554937756910e-01
9.926717981922296152e-01
4.717016071014817902e-01
1.937454149231917500e-01
4.715318232372522900e-01
5.294722525414070624e-01
1.454106152468357394e-01
5.464396266396129853e-01
9.817092008862806640e-01
9.450800487900781199e-01
8.286972821275890855e-01
5.770067645402604528e-01
9.031701375924080510e-01
6.581534194800737758e-01
3.558873789666616716e-01
6.356991459958862833e-01
2.203122723358652557e-03
4.853632572795981703e-01
4.821969928883198531e-01
3.047158062989746563e-01
6.058148567290686515e-01
3.987592405835775899e-01
3.040085899064073338e-01
2.611277305483737932e-01
5.259778577521989629e-02
2.172451911774991862e-01
7.868204835577371492e-01
4.454611744922225558e-01
1.905606873708063365e-01
1.410096780972547315e-02
9.044314710841362404e-01
9.853062382594576230e-01
2.004684656350772531e-01
8.501695251597044534e-01
4.195444844290440178e-01
5.566410672851211938e-01
1.572710092170260809e-01
7.772493705506401396e-01
1.698216787606581235e-01
7.028716472875360388e-01
9.008281107228400808e-01
9.789699760531125339e-01
3.766912034843017398e-02
4.694400558694323822e-01
6.957599707803407973e-01
9.913141351499769049e-01
1.064894967846262697e-01
2.448680834194885136e-01
3.112663730985865129e-01
9.135775934770192785e-01
9.038082320492710764e-01
8.830389221973259373e-01
5.991593988169461316e-01
8.842700732852382117e-02
3.597564638765023970e-01
2.930799021987828823e-02
7.663319818008107465e-02
1.281006256171245417e-01
8.301705616162133872e-01
5.384452783572977186e-01
3.264550887642035937e-01
2.464456821990497204e-01
1.446052155078225709e-01
