4.677721061506745492e-02
3.816690849592687673e-01
2.902723722123974337e-01
6.375944563459011727e-01
5.595472583206509976e-01
9.048455976361869935e-01
2.124425983937772155e-02
3.537438330553159815e-01
7.717008582666307070e-02
5.551374263439317058e-01
3.193819820016309263e-01
4.225697198520996789e-01
3.758282115696633952e-01
5.581455388632605707e-02
1.637736806663038225e-01
8.470905584350485462e-03
5.685099801375580464e-01
2.586706188684907426e-01
4.685144624660152468e-01
2.681798128489892852e-01
1.544802897014618814e-02
8.617208098211598388e-01
5.905982118387220758e-02
3.694319714966998180e-02
1.223032145860802888e-02
7.194077012622246414e-02
3.734210198042939854e-01
1.524068060539475189e-01
1.257028438488051458e-01
2.219891988305811026e-02
6.170257393100824217e-01
1.544892845830277972e-01
2.437259188109593966e-01
1.746180550937406206e-01
3.308984274029069805e-01
1.761037658499178260e-01
1.626436020210899613e-01
1.759400441450033048e-01
1.925174219486568417e-01
3.324027296247977770e-01
1.962953494185011305e-01
1.524276195364326902e-03
2.260405878860611839e-01
2.400405920738780674e-01
3.465472806352756230e-01
5.254967065942088844e-01
3.454845475150943868e-01
2.193339057900864919e-01
4.007444952540577532e-01
1.682429820602759918e-02
1.536901920594589965e-01
1.629535076974975016e-02
5.153990456126530395e-01
5.357954051241508031e-01
1.650349716520991272e-01
2.428064049367614219e-01
2.098937642275929827e-01
4.156504025382923295e-02
2.292316853863081150e-01
1.745950061030802081e-01
9.552182933074571114e-02
6.537995511188599007e-01
4.498388446400194418e-01
4.104344590238232504e-01
5.662393336404988320e-01
6.620352682846841752e-01
7.420591903074357232e-01
6.845356487636177212e-01
5.259397243153052237e-01
3.073616903879475837e-01
2.516312396398187046e-01
2.066225582649180437e-01
9.599509163474140294e-02
3.768746664370611343e-01
1.771119919701231726e-01
2.098215551518173294e-01
6.074806481308092643e-02
6.903280409054689537e-01
8.573962161057586684e-01
2.253805225945685331e-01
5.223480428708535683e-01
3.421599638816164024e-03
5.952638158116685396e-01
1.701370805437451006e-01
2.304981796811951256e-01
1.528971101581000358e-01
4.991987181930146455e-02
1.772316230652012381e-01
9.730987698067261604e-02
1.779898895473828180e-01
3.853700251612014460e-01
1.976396056628028086e-01
8.253349271986138991e-01
2.040594301200542304e-01
1.154073376822121189e-01
1.659451453962472733e-01
3.855657223708549575e-01
1.154263845972882674e-01
1.492665491754845419e-01
7.983421002721803328e-01
