1.115384973649888867e-01
1.264840877001550679e-01
7.458589565477723449e-01
1.311566847470045927e-01
8.963431474588530179e-01
4.841737628116097314e-01
5.547809108480387108e-01
8.716733389746456062e-02
9.382873185038479447e-01
7.044313089187470567e-01
8.434455137255758572e-02
2.248929597654522050e-01
8.917357710490502187e-01
6.777595995097969173e-01
6.633220607497520849e-01
5.362961475304645065e-01
6.930954944622047531e-02
8.579436433717816390e-01
1.873851076412076377e-01
8.658408974372651112e-01
1.039327634344030526e-01
5.816665563212984891e-01
2.325527510710335699e-01
9.558488049615065929e-01
4.482055020134013690e-01
9.819879278495298180e-01
4.900613915761632411e-01
5.677397293304641268e-01
3.797178832132153126e-01
3.168379464114983168e-01
6.613445340014283413e-01
8.601921690173383039e-01
9.601665527359647401e-01
8.973443394834011988e-01
5.727689896789813773e-01
3.478361153035046671e-01
8.362427504532364830e-01
8.538275085947910625e-01
1.672718265907011670e-01
6.438728243455629219e-01
9.792030514907190675e-01
2.070965079501394523e-01
2.557437642800475253e-03
2.538450164379557616e-02
5.408120280723056617e-01
1.971444650271283461e-01
2.660211216819059477e-01
7.460166431082817518e-01
9.393624908637709936e-02
2.160657293479650853e-01
9.717211647546225572e-01
6.866811732876326735e-01
8.366351238461928741e-01
6.044105980238120290e-01
4.647376524402907494e-01
8.840046338671241344e-01
6.089178255911118498e-01
5.517093679661011496e-01
5.922513698679325866e-01
4.935792166205448250e-01
7.073075268961865891e-01
6.200608739881533493e-01
7.984260109168197506e-01
1.549220199117925523e-01
2.952464923850515177e-01
9.364508466183153468e-01
9.784143990113529643e-01
7.017906019173181242e-02
5.605440741119893655e-01
7.724127344029918518e-01
8.920450059210638383e-02
9.599414226137521489e-01
8.180938758849519710e-01
8.515957123144188845e-01
1.298217460933837053e-01
7.707606023304459653e-01
8.073392975705528940e-01
2.862916794678933563e-01
8.017435771887517770e-01
5.406485117539956420e-01
3.825188155866297013e-01
4.106607320953417073e-01
1.772693367318378677e-01
6.652934921442160698e-01
6.945772577682383098e-01
5.768646421484504572e-01
1.771921112056891179e-01
8.473127624964230664e-01
8.532483596723318131e-01
9.168414504001963783e-01
1.166212521100856714e-01
8.872435611189144478e-01
2.668859630431565932e-01
1.273779999023156861e-01
8.762753975438339893e-01
6.740559177178988559e-01
4.074543672732058308e-01
7.871538070835544243e-01
5.185365303285557337e-01
8.108695009450830327e-01
