5.402158335860099969e-01
3.857240332890535806e-01
4.959112723152584445e-01
6.925560689273263515e-01
6.368841185786227044e-01
9.171372517657875312e-01
7.271967012173675693e-01
8.157639594709518160e-01
2.755700508764591383e-01
9.740526486376779314e-01
6.071954871821207966e-01
6.791079998960314335e-01
8.879537616562410696e-01
8.507039392471105188e-02
1.897421677483352997e-01
3.634834267151143550e-02
6.415332597117313629e-01
9.342151656457892139e-01
7.141671842427458339e-01
8.040469322624363979e-01
5.694018429437162077e-01
9.730005576683160573e-01
3.628335285861036263e-01
6.941327301441215791e-01
4.347078293114449155e-01
7.327797805161286870e-01
5.488799086465753208e-01
5.854051300933714730e-01
6.306462545351492199e-01
5.869193408347965768e-01
9.008159546865293077e-01
8.734843983264695133e-01
4.444248612833132661e-01
2.557134606950078881e-01
5.711054076987220895e-01
2.581505162141143339e-01
3.492834779598493755e-01
7.285994385492243763e-01
8.076621585258270120e-01
8.493403311329427163e-01
3.555103575737409427e-01
4.340464642899124481e-01
9.567772859992559331e-01
6.284151690963208914e-01
7.869151471061178738e-01
8.623722416398379442e-01
3.503698506459058670e-01
6.828457951314554908e-01
8.461278079139180619e-01
2.393915144514126014e-01
9.907131284239799607e-01
2.087374047574984681e-01
9.620569392437160472e-01
8.776107767420515682e-01
6.827047683208825601e-01
5.508910413162044772e-01
5.494448719311677554e-01
4.171734131185906858e-01
3.935515986390211163e-01
7.947014403212088185e-01
3.802964655949241379e-01
7.457008585630651165e-01
4.737069571661635115e-01
8.482956399751719889e-01
8.560631182198019662e-01
6.835442148693920972e-01
8.508633569068971836e-01
6.950648025400346652e-01
6.031668132877280319e-01
6.905751403561073420e-01
4.521261657726157734e-01
9.146744100139583278e-01
7.300713913098865193e-01
5.105484297319246023e-01
3.394029818555435174e-01
3.905375938320921891e-01
9.850729660043939795e-01
7.468313071473916542e-01
9.297636931241438640e-01
6.679862173586563756e-01
7.991851063067226812e-01
1.394699928914591158e-01
8.340535228570863380e-01
9.332002650315287529e-01
8.438962682393741366e-01
9.107634489311074999e-01
6.805042330395297823e-01
3.125681320183222311e-01
9.343761322288243187e-01
4.084031085731545385e-01
6.892822400143905348e-01
4.868242568924092684e-01
8.869713332537655370e-01
9.075201637187194637e-01
5.813276742362518679e-01
9.803551619395339811e-01
8.343983230165397114e-01
1.390508815696359646e-01
7.429753926759167237e-01
8.614454291636697292e-01
